000,000,000,000,000,000;
094M1,445,132,637,260,681;
197,497,395,036,663,115M1;
091,491,381,383M1,649,493F16;
637,094M1,658,445,479F2,242;
006,448,491,487,150,245;
257,384M1,330,373,282,286;
036,134,235,587,115M1,291;
494,151,649,648,492F1,493F17;
150M2,303,716,445,065,534;
716,235,205,249,452,257M1;
094M1,383P1,716,382P1,384,493;
257,038,716,646F2,151,350;
384M1,493,249,382P1,716,491;
384M1,716,493F13,132,383P1,646;
242,203,031,036,162,241;
429,407,091,303,308M1,385;
719M1,382P1,493,235,150,249;
491,382P1,383P1,716,373M1,249;
491,598,716,115M1,386F1,493;
143,494,701,373M1,625,468;
383P1,707,036,491,197,493;
386F1,491,383P1,382P1,384M1,716;
491,681,707,115M1,658,663;
448M1,491,716,250,487,382P1;
065M1,658,205,392,169,617;
