000,000,000,000,000,000;
485,286,055,398,460,302M1;
485,286,055,398,460M1,302;
647,376M1,625,637,243,472;
006M2,647,381,645F1,286,497;
721,475M1,645F1,647,248,530;
034,479F2,641F1,376M1,445,647;
248,530,465,380M1,647,227;
080M1,036,721,530,248,642;
448,359M1,212,700,136,149;
428M1,036,445,637,630,593;
635,235,303M1,068,094,485;
149,257M1,196,389,292,235;
485,286,055,398,460,302M1;
448,359M1,212,700,136,149;
428M1,036,445,637,630,593;
477,479F2,242,289,488,302;
282M1,373,472,553,376,663;
006M2,286,461,036,445,593;
531M1,346,289,486,302,477;
