000,000,000,000,000,000;
485,286,055,398,460,302M1;
485,286,055,398,460M1,302;
647,376M1,625,637,243,472;
006M2,647,381,645F1,286,497;
721,475M1,645F1,647,248,530;
034,479F2,641F1,376M1,445,647;
248,530,465,380M1,647,227;
080M1,036,721,530,248,642;
448,359M1,212,700,136,149;
428M1,036,445,637,630,593;
477,479F2,242,289,488,302;
282M1,373,472,553,376,663;
286,461,036,445,593,006M2;
531M1,346,289,486,302,477;
423,121,598,663,142M1,450;
130,065M1,445,485,184,530;
302M1,646F1,385,591,647,645F1;
065,490,485,036,645F1,380M1;
282M1,645F1,286,184,485,381;
637,719M1,647,381,645F1,385;
646F1,719M1,663,445,598,121;
286,385,719M1,645F1,381,637;
591,113,195,227,080M1,248;
445,642,437,381,003M1,645F1;
334M1,598,472,462,381,080;
184,645F1,598,065M1,485,036;
310M1,286,445,707,641F1,130;
248,530,094,465,380M1,485;
310M1,647,645F1,065,530,641F1;
428M1,080,642,248,385,445;
003M1,080,227,248,485,639;
130M1,646F1,445,381,461,462;
036,380M1,598,450,248,151;
445,701,184,530,127M1,462;
248,380,641F1,184,530,212M1;
248,641F1,465,530,080,006M1;
149,334M1,485,248,497,530;
130M1,663,645F1,385,036,381;
248,465,073,645F1,212M1,637;
647,598,485,036,380M1,151;
248,530,227,591,719M1,647;
719M1,598,479F2,462,645F1,641F1;
006M1,094,286,381,395,642F1;
121,376M1,687,645F1,445,286;
248,663,479F2,003M1,530,647;
065M1,381,036,647,485,227;
310M1,227,639,647,251,485;
036,647,212M1,645F1,381,687;
376M1,647,687,445,381,479F2;
647,248,302M1,227,591,445;
003M1,381,530,647,248,642;
248,227,302M1,423,637,641F1;
006M1,248,381,598,642,645F1;
006M1,530,450,381,598,641F1;
485,645F1,282M1,598,121,646F1;
130M1,462,184,381,385,445;
645F1,428M1,641F1,485,381,184;
212M1,121,497,663,036,450;
646F1,625,121,645F1,707,310M1;
006M1,080,227,530,248,497;
006M1,248,530,381,465,094;
036,248,380M1,530,227,647;
462,127M1,036,645F1,647,381;
645F1,428M1,485,598,214,080;
472,380M1,248,485,490,497;
248,034,647,065M1,227,199;
065,485,645F1,647,080M1,248;
006M1,121,645F1,598,639,036;
376M1,251,663,450,647,530;
003M1,462,036,641F1,445,080;
450,130M1,625,479F2,381,530;
454,229M1,497,485,645F1,121;
630,113,003M1,195,245,680;
445,497,080M1,248,385,641F1;
080,445,485,707,645F1,065M1;
647,251,006M2,248,472,530;
065M1,227,423,485,497,645F1;
641F1,212M1,647,380,645F1,485;
645F1,282M1,184,479F2,485,647;
645F1,212M1,641F1,485,381,423;
380M1,151,646F1,485,647,472;
428M1,645F1,248,199,598,485;
245,598,639,641F1,645F1,719M1;
641F1,490,450,036,212M1,381;
381,461,598,445,479F2,719M1;
282M1,663,184,381,598,450;
450,530,381,006M2,598,461;
302M1,286,036,423,485,641F1;
160,380,645F1,385,642,428M1;
006M2,248,472,598,381,423;
282M1,381,385,461,490,645F1;
645F1,380M1,579,647,462,036;
625,073,381,450,227,006M2;
490,450,598,663,381,719M1;
641F1,642,472,376M1,485,381;
130,334M1,485,530,647,645F1;
282M1,381,647,465,485,645F1;
151,227,036,485,380M1,248;
127M1,248,036,530,479F2,199;
663,303,645F1,130M1,380,461;
036,308M1,479F2,385,639,381;
473,080,598,282M1,445,641F1;
530,465,248,381,036,308M1;
286,645F1,707,319M1,381,485;
151,212M1,647,381,645F1,036;
445M1,465,199,248,530,663;
065M1,647,591,248,530,468;
034,212M1,381,479F2,641F1,645F1;
127M1,479F2,645F1,385,381,244;
214M1,248,479F2,530,591,647;
214M1,641F1,645F1,385,479F2,381;
591,065,248,212M1,647,645F1;
647,381,645F1,598,065M1,036;
151,036,380,598,445,248M1;
245,598,036,641F1,380M1,485;
428M1,642,248,227,445,591;
334M1,462,381,376,647,645F1;
036,065M1,479F2,485,248,381;
184,625,445,381,719M1,286;
003M1,248,647,036,472,227;
645F1,214M1,485,381,385,479F2;
308M1,385,036,248,479F2,381;
302M1,647,381,645F1,598,663;
428M1,645F1,479F2,639,385,691;
663,462,381,639,645F1,319M1;
248,199,214M1,663,598,530;
563,468,594,530,006M1,248;
051,227,212,080M1,036,242;
598,450,663,563,121,719M1;
302M1,461,227,113,591,195;
036,121,598,719M1,637,645F1;
003M1,461,647,645F1,381,485;
497,376M1,082,645F1,381,647;
199,248,381,006M2,598,472;
641F1,282M1,647,479F2,385,381;
445,227,490,248,591,065M1;
142M1,468,701,645F1,663,149;
645F1,381,647,461,282M1,385;
003M1,080,051,036,082,132;
245,227,392,254M1,697,530;
479F2,251,445,018M1,036,638;
244,245,243,450,381,142M1;
450,598,036,142M1,593,530;
248,663,121,645F1,212M1,497;
428M1,461,485,381,591,645F1;
186,139,641F1,490,598,380M1;
245,302M1,465,485,639,641F1;
485,034,381,036,479F2,142M1;
445,006M1,381,385,184,642;
286,485,461,381,645F1,376M1;
472,376M1,641F1,485,465,381;
719M1,625,385,381,645F1,490;
151,334M1,645F1,530,461,641F1;
646F1,645F1,381,212M1,445,479F2;
186,230,641F1,598,381,260M1;
212,121,310M1,286,645F1,642;
719M1,663,445,461,479F2,381;
479F2,647,385,381,308M1,645F1;
639,003M1,036,645F1,485,121;
719M1,641F1,591,445,227,647;
260,286,385,342,381,282M1;
248,195,227,251,242,214M1;
445,485,428M1,151,479F2,497;
034,647,645F1,248,380,385;
641F1,530,450,479F2,036,380;
719M1,645F1,121,113,461,591;
248,282M1,381,385,645F1,647;
485,381,065M1,591,630,647;
212M1,184,645F1,445,646F1,381;
151,003M1,485,121,641F1,036;
645F1,647,461,497,719M1,385;
428M1,381,645F1,647,625,642;
282M1,485,645F1,647,380,461;
428M1,479F2,248,530,641F1,591;
342,376M1,243,036,380,645F1;
080M1,479F2,461,598,485,381;
