000,000,000,000,000,000;
094M1,445,132,637,260,681;
197,497,395,036,663,115M1;
091,491,381,383M1,649,493F16;
637,094M1,658,445,479F2,242;
006,448,491,487,150,245;
257,384M1,330,373,282,286;
036,134,235,587,115M1,291;
494,151,649,648,492F1,493F17;
150M2,303,716,445,065,534;
716,235,205,249,452,257M1;
094M1,383P1,716,382P1,384,493;
257,038,716,646F2,151,350;
384M1,493,249,382P1,716,491;
384M1,716,493F13,132,383P1,646;
242,203,031,036,162,241;
429,407,091,303,308M1,385;
719M1,382P1,493,235,150,249;
491,382P1,383P1,716,373M1,249;
491,598,716,115M1,386F1,493;
143,494,701,373M1,625,468;
383P1,707,036,491,197,493;
386F1,491,383P1,382P1,384M1,716;
491,681,707,115M1,658,663;
448M1,491,716,250,487,382P1;
065M1,658,205,392,169,617;
006M2,646F1,382P1,383P1,487,150;
232,663,128,230,382P1,003;
113,132,292,491,141,115M1;
491,716,681,719M1,250,382P1;
545,428M1,625,235,036,302;
257,036,196,169,094,142M1;
719M1,445,350,681,560,663;
545,468,212,637,115M1,143;
493F9,445,384M1,254,150,382P1;
242,716,491,382P1,717,384M1;
292,649,469,047,213,214M1;
292,589,012,284,132,637;
681,658,445,479F2,094,115M1;
719M1,149,150,009,006,493F7;
468,376,383P1,445,487,115M1;
303M1,632,205,681,625,707;
716,080M1,196,034,233,693;
302M1,658,716,143,235,479F5;
181M1,065,150,073,113,248;
721,720F1,719M1,716,717,718;
094M1,717,493,383P1,716,493F16;
649,485,395,598,681,303M1;
302M1,635,553,630,560,342;
302M1,292,275,169,248,199;
384M1,382P1,716,720F1,576,094;
384M1,213,205,632,289,576;
448M1,257,286,392,534,701;
006M2,658,530,591,235,184;
383P1,350,006M1,384,492F1,376;
384M1,383P1,382P1,150,151,386F3;
179,225,217,573,359M1,628;
302M1,441,089,596,598,289;
643,303M1,472,658,479F1,235;
384M1,663,671,472,169,135;
384,483,150M2,487F1,486,717;
383P1,716,382P1,484,491,150M1;
384M1,491,378,487,716,717;
006,445M1,260,130,150,373;
445,376M1,006,491,462,214;
598,497,121,094,385,555;
461,485,537,184,720,212M1;
115M1,036,260,663,598,485;
426,384M1,487,720F1,382P1,383P1;
115M1,235,644,491,716,643;
707,716,491,392,448M1,382P1;
445,376M1,286,346,169,243;
235,131,382P1,681,143,384M1;
292,497,151,122,094,068;
384M1,493,249,382P1,716,707;
115M1,716,383P1,717,491,493F9;
379,707,373M1,497,244,160;
132,681,647,292,384M1,658;
424,213,492F1,530,132,719M1;
291,382P1,450,385,428M1,721;
491,383P1,716,647,196,115M1;
598,663,563,579,573,184;
257M1,547,681,491,716,354;
719M1,648,282,149,065,716;
150M1,609,484,254,717,006;
503,531M1,612,579,617,646F2;
384M1,493,249,382P1,716,386F1;
310M1,537,034,542,245,709;
272,490,381M1,720,706,135;
666,652,671,196,149,475M1;
130M1,117,080,195,160,423;
429,003,547,006M2,302,472;
302M1,709,356,563,609,681;
719,463,151,481,445,428M1;
196,700,136,135,470,471;
094M1,645F1,487,596,295,685;
150M2,383P1,707,213,491,384;
151,235,122,468,359M1,257;
150M1,658,113,121,230,205;
547,383P1,235,094,719M1,132;
697,411,409,142M1,699,346;
384M1,493F3,483,491,718,484;
635,526,596,497,563,545;
384M1,250,383P1,717,493F5,707;
019,383P1,490,235,719,257M1;
493F5,286,545,382P1,248M1,150;
382P1,493F11,591,250,384M1,717;
384M1,493,649,487F1,250,716;
202,129,185,132,150M1,282;
487F1,113,716,373M1,383P1,493;
