000,000,000,000,000,000;
485,286,055,398,460,302M1;
485,286,055,398,460M1,302;
647,376M1,625,637,243,472;
006M2,647,381,645F1,286,497;
721,475M1,645F1,647,248,530;
034,479F2,641F1,376M1,445,647;
248,530,465,380M1,647,227;
080M1,036,721,530,248,642;
448,359M1,212,700,136,149;
428M1,036,445,637,630,593;
635,235,303M1,068,094,485;
149,257M1,196,389,292,235;
485,286,055,398,460,302M1;
448,359M1,212,700,136,149;
428M1,036,445,637,630,593;
477,479F2,242,289,488,302;
282M1,373,472,553,376,663;
006M2,286,461,036,445,593;
531M1,346,289,486,302,477;
091,707,660,186,230,006M1;
303M1,065,663,245,135,445;
598,479F2,488,625,130,006M1;
214M1,036,591,310,645F1,080;
450,115M1,094,445,658,637;
488,115M1,642,445,658,637;
479F1,598,184,196,233,681;
115M1,488,635,681,642,663;
006M2,025,003,009,196,143;
445,468,181M1,031,609,598;
211,338,089,358,324,332;
089,598,666,248,130M1,485;
115M1,286,663,642,445,681;
006M2,445,479F2,257,473,598;
573,695,668,676,474,018M1;
452,461,553,229M1,319,302;
115M1,445,094,642,663,245;
233,700,479F1,303M1,130,445;
243,227,547,248,445,257M1;
546,081,199,534,282M1,115;
248,350,663,479F5,445,448M1;
248,376M1,302,635,663,479F2;
115M1,488,485,286,645F1,302;
003M1,221,145,681,248,130;
302M1,645F1,286,485,488,282;
663,286,660,184,373M1,303;
445,115,365,700,663,302M1;
115M1,094,663,645F1,642,036;
115M1,488,003,642,186,663;
681,706,571,113,707,080M1;
445,115M1,286,663,681,245;
389,596,473,452,441,009M1;
642,645F1,257M1,036,286,658;
233,488,700,286,208M1,006;
286,663,303M1,094,233,479F1;
381M1,485,212,286,479F2,530;
485,488,479F2,700,445,214M1;
663,473,342,462,428M1,681;
707,373M1,681,658,663,479F2;
094M1,663,245,642,445,115;
445M1,488,036,094,485,115;
445,488,094,485,642F1,115M1;
006M1,642,658,450,707,637;
373M1,233,497,473,637,245;
304,356,186,091,230,248M1;
373M1,642,248,530,094,184;
448M1,445,497,248,488,184;
003M1,131,681,663,445,243;
428M1,450,479F2,485,497,094;
115M1,445,658,642,700,257;
003M1,462,395,473,094,663;
362,291,350,547,303M1,598;
094M1,428,450,479F2,485,497;
645F1,094,233,009M1,598,715;
036,248,642,373M1,530,094;
681,282,091,637,488,003M1;
428M1,681,286,373,658,663;
115M1,598,663,445,658,286;
145,286,663,184,115M1,681;
448M1,663,598,658,445,310;
645F1,479F1,065M1,407,681,184;
115M1,700,645F1,591,479F2,485;
248,663,479F2,488,373,115M1;
700,645F1,635,237,681,006M2;
663,642,488,645F1,681,115M1;
310M1,598,658,445,448,663;
149,184,598,286,094,663;
094M1,663,445,286,681,658;
373M1,428,681,286,658,663;
184,006M1,445,248,663,286;
113,227,248,472,115M1,003;
450,530,373M1,286,132,510;
373M1,642,681,286,693,473;
282,462,059,094,598,373M1;
635,015M1,059,197,479F1,482;
663,479F2,257,115M1,445,248;
212M1,658,706,709,065,036;
245,113,658,663,006M1,497;
658,257M1,681,701,706,302;
248,149,700,488,663,303M1;
473,598,642,132,373M1,094;
115M1,642,445,094,488,286;
373M1,311,700,168,450,115;
257M1,642,286,149,036,245;
658,555,681,530,376M1,212;
115M1,645F1,257,681,245,642;
208M1,497,604,148,130,367;
707,132,115M1,145,473,468;
260M1,230,186,642,303,445;
115M1,488,635,244,445,094;
149,642F1,591,464,009M1,448;
373M1,598,663,473,479F2,534;
381,303M1,245,598,145,244;
197,227,479F2,547,257,373M1;
115M1,445,642,488,663,286;
214,094M1,473,598,184,635;
243,473,245,233,598,373M1;
598,635,488,642,115M1,130;
115M1,003,635,681,184,464;
461,094M1,530,248,373,479F2;
373M1,248,530,510,286,132;
479F1,442,469,598,080M1,639;
445,468,303M1,243,609,479F2;
257M1,658,094,645F1,547,233;
286,637,642,233,681,373M1;
473,245,243,003,006M1,445;
214,094M1,642,036,473,450;
445,243,663,658,184,003M1;
094M1,445,637,132,260,681;
534,127M1,115,423,609,178;
302M1,006,091,132,036,642;
003M1,663,350,181,212,429;
257M1,497,479F2,036,461,681;
488,462,663,598,473,130M1;
197,609,031,479F2,149,428M1;
245,645F1,642,094,303M1,115;
243,227,663,479F2,635,257M1;
598,479F1,248,303M1,381,130;
591,681,663,658,450,115M1;
445,642,245,094M1,257,115;
450,530,373M1,637,145,245;
678,464,257,245,642,373M1;
598,110,472,149,260,257M1;
113,195,094M1,706,472,227;
038,171,359,196,334M1,381;
579,303M1,233,663,286,445;
479F2,212,381,135,534,115M1;
195,697,641F1,373M1,591,206;
115M1,257,245,094,642,445;
528,563,617,094,428M1,310;
133,346,441,598,445,094M1;
115M1,286,593,642,663,445;
450,663,245,282,115M1,094;
197,547,663,413,334M1,658;
094M1,242,594,227,485,681;
094M1,245,445,115,663,286;
127M1,036,381,450,479F2,485;
171,233,184,450,094M1,006;
473,555,547,469,310M1,130;
473,479F2,497,642,546,094M1;
115M1,598,244,642,450,282;
482,464,700,534,658,006M1;
006M2,593,248,470,473,642F1;
373M1,260,652,707,248,479F1;
115M1,445,488,094,286,485;
485,497,376M1,596,445,450;
115M1,488,635,681,257,479F2;
697,497,437,609,620,359M1;
423,637,642,598,373M1,302;
472,113,248,227,003M1,080;
286,547,697,448M1,157,230;
468,596,472,545,196,302M1;
642,445,303M1,257,094,286;
450,534,479F1,474,681,373M1;
115M1,700,642,445,663,094;
555,645F1,395,534,202,479F5;
282M1,450,642,244,598,115;
479F1,302,450,094M1,212,381;
560,635,625,130M1,197,452;
658,080,530,642,003M1,373;
248M1,530,149,212,398,243;
411,395,668,149,596,094M1;
184,445,145,598,094M1,257;
115M1,094,642,036,707,003;
468,257,658,681,445,003M1;
302M1,485,286,445,663,036;
303M1,635,663,700,598,473;
214,485,245,497,445,094M1;
